is_3d: false
fiber_angle_deg: 20
fiber_xoffset: -5
compute_time_seconds: 69.93046045303345
compute_time_minutes: 1.1655076742172241
