is_3d: false
fiber_angle_deg: 20
fiber_xoffset: -5
compute_time_seconds: 86.04420280456543
compute_time_minutes: 1.4340700467427572
