is_3d: false
fiber_angle_deg: 7
compute_time_seconds: 81.18182349205017
compute_time_minutes: 1.3530303915341695
