is_3d: false
fiber_angle_deg: 5
fiber_xoffset: 0
compute_time_seconds: 73.85955357551575
compute_time_minutes: 1.230992559591929
