is_3d: false
fiber_angle_deg: 20
fiber_xoffset: 10
compute_time_seconds: 114.03801155090332
compute_time_minutes: 1.9006335258483886
