is_3d: false
fiber_angle_deg: 5
fiber_xoffset: 5
compute_time_seconds: 1.4952049255371094
compute_time_minutes: 0.024920082092285155
