is_3d: false
fiber_angle_deg: 5
compute_time_seconds: 4.504156827926636
compute_time_minutes: 0.07506928046544394
