is_3d: false
fiber_angle_deg: 3
compute_time_seconds: 75.89593696594238
compute_time_minutes: 1.2649322827657064
