is_3d: false
fiber_angle_deg: -5
fiber_xoffset: -5
compute_time_seconds: 70.66071939468384
compute_time_minutes: 1.177678656578064
