is_3d: false
fiber_angle_deg: 5
compute_time_seconds: 1.5983502864837646
compute_time_minutes: 0.02663917144139608
