is_3d: false
fiber_angle_deg: 5
fiber_xoffset: 5
compute_time_seconds: 81.91323852539062
compute_time_minutes: 1.3652206420898438
