is_3d: false
fiber_angle_deg: 20
fiber_xoffset: -10
compute_time_seconds: 153.86702919006348
compute_time_minutes: 2.564450486501058
