is_3d: false
fiber_angle_deg: 20
fiber_xoffset: 0
compute_time_seconds: 74.35986590385437
compute_time_minutes: 1.239331098397573
