is_3d: false
fiber_angle_deg: 5
fiber_xoffset: 0
compute_time_seconds: 1.9777607917785645
compute_time_minutes: 0.032962679862976074
