is_3d: false
fiber_angle_deg: 5
fiber_xoffset: -5
compute_time_seconds: 1.9756314754486084
compute_time_minutes: 0.032927191257476805
