is_3d: false
fiber_angle_deg: 5
fiber_xoffset: -5
compute_time_seconds: 79.43052840232849
compute_time_minutes: 1.3238421400388083
