is_3d: false
fiber_angle_deg: -5
fiber_xoffset: 5
compute_time_seconds: 104.3452820777893
compute_time_minutes: 1.7390880346298219
