is_3d: false
fiber_angle_deg: 6
compute_time_seconds: 1.6102087497711182
compute_time_minutes: 0.026836812496185303
