is_3d: false
fiber_angle_deg: 4
compute_time_seconds: 2.143369436264038
compute_time_minutes: 0.03572282393773397
