compute_time_seconds: 105.02842259407043
compute_time_minutes: 1.750473709901174
