is_3d: false
compute_time_seconds: 47.706432580947876
compute_time_minutes: 0.7951072096824646
