is_3d: false
compute_time_seconds: 75.40116357803345
compute_time_minutes: 1.2566860596338907
