resolution: 30
is_3d: false
compute_time_seconds: 83.53393888473511
compute_time_minutes: 1.392232314745585
