compute_time_seconds: 3.532681703567505
compute_time_minutes: 0.05887802839279175
