is_3d: false
compute_time_seconds: 53.488099098205566
compute_time_minutes: 0.8914683183034261
