resolution: 30
compute_time_seconds: 2.1594865322113037
compute_time_minutes: 0.035991442203521726
