is_3d: false
compute_time_seconds: 64.3077929019928
compute_time_minutes: 1.0717965483665466
