resolution: 30
compute_time_seconds: 1.6320104598999023
compute_time_minutes: 0.02720017433166504
