resolution: 30
compute_time_seconds: 3.2272322177886963
compute_time_minutes: 0.053787203629811604
