is_3d: false
compute_time_seconds: 4.945565223693848
compute_time_minutes: 0.08242608706156412
